100,0,	21.673189030911722
188,0,	17.343122197787938
269,0,	20.109623915210136
323,1,	38.67588003753562
397,0,	29.066206444645445
453,0,	34.60386057882269
513,0,	20.724180612764304
678,1,	39.99667864806283
724,0,	21.787197603128256
728,0,	30.277381428041377
742,0,	21.167591574869867
752,0,	18.004185888670527
760,0,	26.499684798535473
766,0,	20.238780479539354
771,0,	19.847855981333012
809,0,	19.09311391817461
848,0,	14.64996865270086
972,0,	19.06853165027244
1004,1,	36.31996863264148
1040,1,	38.85991485399237
1054,0,	23.523237225516393
1097,0,	21.55931333581898
1138,0,	17.19722311586049
1196,0,	17.99554887562382
1200,0,	18.094808087099057
1205,0,	17.689532859522796
1250,0,	23.543434548333305
1271,0,	21.648341008761967
1293,0,	21.720360409859122
1387,0,	16.426934429218004
1416,0,	18.822044585631797
1445,0,	18.507790187855452
1531,0,	22.120054798235973
1562,0,	22.67415240446318
1601,0,	22.70670729979308
1627,0,	26.72238685801672
1848,0,	20.231870869101996
1890,0,	20.20463105872392
1918,0,	27.03252206495541
1946,0,	19.966116621511006
1955,0,	22.82031724063822
1974,0,	24.260173754086203
2032,0,	33.57140532693169
2122,0,	31.230774791274058
2177,0,	23.891306858429907
2290,0,	18.29850871787755
2294,0,	24.600870699497854
2297,0,	21.049065180444284
2324,0,	17.236820498751545
2380,0,	23.197023886598455
2617,0,	21.453676022401563
2628,0,	18.00352150305155
2664,0,	26.979371215437205
2699,0,	19.904993144565076
2821,0,	21.715045324907305
2852,0,	20.574693848494363
2885,0,	19.386772361762645
2908,0,	24.71182309786709
2939,0,	24.681925745013103
2975,0,	19.109723558649044
3145,0,	18.487858619286126
3181,0,	22.092150602238917
3217,0,	18.254925021272626
3247,0,	23.779690074441696
3249,0,	20.35146028051794
3257,0,	25.88446371536233
3277,1,	52.741587976907674
3353,0,	17.23376432490425
3519,0,	21.17197651995511
3631,0,	18.389130916306073
3633,0,	21.084277618250095
3774,0,	34.6211346049161
3775,0,	29.13556830326669
3787,0,	20.869016677701396
3804,0,	20.621865227441766
3944,0,	24.679268202537195
3968,0,	23.875361603574447
4094,0,	20.464671589991696
4095,1,	40.85307171092479
4128,0,	26.998505521263755
4273,0,	30.188353755098397
4310,0,	20.848420723513087
4479,0,	18.606783645083095
4486,0,	19.848121735580605
4498,0,	19.99827288546951
4523,0,	26.411985896830437
4582,0,	27.501578311953498
4643,0,	17.431485485111946
4739,0,	18.726373056499042
4905,0,	20.54612526687834
5064,0,	29.784407298760094
5069,0,	20.243165424624614
5070,0,	25.287181043901587
5155,0,	24.375909728912077
5192,0,	26.359499432931223
5205,0,	21.579909290007283
5234,0,	26.635219464806873
5239,0,	31.88280283773854
5471,0,	22.85619406406301
5485,0,	19.190114218545315
5591,0,	20.44447426717478
5607,0,	18.554496496869568
5616,0,	23.364050431209392
5653,0,	32.98342405413662
5682,0,	20.482344247456503
5711,0,	21.980533818250702
5908,0,	24.555692477407383
5953,0,	21.38457991802791
5980,0,	31.227054231807777
5986,0,	20.938644290570224
6027,0,	21.23775069623389
6034,0,	16.465070163747313
6036,0,	23.482045317139786
6055,0,	29.298741411287562
6106,0,	23.870710904241612
6108,0,	20.281699790525305
6149,0,	17.916088355594116
6157,0,	23.268777533448016
6219,0,	21.49619670201612
6280,0,	19.53027965546178
6693,0,	22.150616536708938
6735,0,	26.680397686897344
6751,0,	18.12576845694341
6770,0,	23.0482015079475
6789,0,	21.33807292469949
6816,0,	21.335415382223573
6867,0,	25.53034618044734
6906,0,	32.86516341395863
6934,0,	20.926153840933456
6959,0,	26.38341731521441
7045,0,	24.279308059912754
7064,0,	24.693884686154696
7066,0,	21.33010029727176
7121,0,	19.038634297418454
7126,0,	17.863336137447302
7136,0,	19.91628770008769
7146,0,	26.112613736919194
7225,0,	26.999967169625506
7246,0,	24.03414976651007
7269,0,	27.536657872635512
7280,1,	43.072119678309555
7317,0,	15.790453006237588
7355,0,	27.498256383858603
7370,0,	30.93113687711521
7389,0,	27.118892195422475
7400,0,	22.379165189637185
7452,0,	22.173205647754173
7585,0,	21.74866323722756
7625,0,	27.66435278860298
7700,0,	20.180048790821754
7749,0,	27.35474909015948
7950,0,	19.81065038667028
7962,0,	23.77025579865222
7980,0,	28.34734120491182
8016,0,	20.870345448939347
8203,0,	21.666943806093336
8260,0,	19.572800335076337
8387,0,	23.125403116872675
8422,0,	24.95850947819343
8724,0,	24.586918601499328
8831,0,	23.06401388567916
8868,0,	28.169152981902066
8881,0,	19.435936897566982
8890,0,	23.736770763455755
8921,1,	41.14207945517999
8980,0,	17.6274792427103
8985,0,	20.273727163097575
9055,0,	28.64651404913738
9092,0,	18.07926146361498
9257,0,	22.08617113166812
9290,0,	26.84782286287966
9435,0,	19.619307328404766
9515,0,	20.269076463764733
9658,0,	23.95203170400445
9859,0,	17.55173928214687
9862,0,	22.839185792217187
9863,0,	31.53107709105187
9888,0,	22.042986066434587
9960,0,	21.318141356130166
9963,0,	22.185828974514738
9975,0,	21.803408612231305
10041,0,	22.00378731491491
10067,0,	22.442946209059023
10222,0,	18.83426928102098
10254,0,	21.224728738101927
10259,0,	17.900541732110042
10277,0,	25.34963329208547
10306,0,	19.93489049741906
10309,0,	16.83911926723163
10323,0,	22.217055098606686
10389,0,	19.264791162118378
10449,0,	26.211607194146836
10473,0,	21.76925919141587
10523,1,	38.05335071255373
10579,0,	17.08334742076775
10641,0,	33.870245978347754
10651,0,	17.771916676276003
10665,0,	17.481580160782848
10805,0,	27.28552010866202
10867,0,	19.653190994972608
10880,0,	20.738132710762827
10944,0,	20.857722122178778
10969,0,	19.420656028330498
10990,0,	22.987078031001573
11058,0,	22.610371385041347
11087,0,	23.290702258874276
11162,0,	23.022954854426352
11171,0,	18.655948180887428
11182,0,	19.993356431889076
11258,0,	26.462744958120325
11322,0,	30.50725885220758
11368,0,	16.907550985986312
11375,0,	21.33940169593744
11376,0,	21.58721753181603
11415,0,	17.945985708448102
11451,0,	21.793177073699056
11458,0,	18.878517363244885
11525,1,	39.45015503789196
11543,0,	24.74238483634005
11649,0,	17.40291690349591
11669,0,	31.323390146559515
11779,0,	20.601933658872447
11785,0,	20.514234757167422
11853,1,	38.89778483427409
11974,0,	22.463542163247322
11994,0,	23.70554463936381
12133,0,	19.829253184001644
12194,0,	17.459655435356595
12263,0,	19.911637000754855
12273,0,	21.063548786937996
12281,1,	36.99319058035137
12311,0,	23.57439491817766
12384,0,	18.593495932703544
12462,0,	19.44656706747062
12508,0,	17.966315908388808
12531,0,	24.1039102565027
12536,0,	20.524200541452082
12558,0,	27.60987316784683
12649,0,	25.34830452084751
12694,0,	17.838753869545137
12755,0,	28.182573571405403
12773,0,	16.2973792335174
12811,0,	23.555127735227316
12846,0,	30.00963402359346
12870,0,	28.03468133262102
12892,0,	34.74537471566489
12929,0,	24.753147883367486
12966,0,	24.366342575998807
12997,0,	24.708501169772198
13077,0,	22.58911104523407
13080,0,	20.211540669161284
13131,0,	23.89197124404889
13188,0,	25.55227090587359
13268,0,	26.188087943235036
13345,0,	27.70248852313229
13351,0,	20.95033747746423
13390,0,	21.253695951089345
13421,0,	29.302196216506246
13458,0,	24.564329490454092
13502,0,	25.200810913434513
13524,0,	28.48606492215432
13562,0,	20.88828386065174
13706,0,	28.578813154563573
13766,0,	20.434508482890127
13952,1,	39.13696365710599
13991,0,	22.784440417213446
14179,0,	25.941202247223003
14200,0,	30.79560221084381
14256,0,	20.958310104891964
14274,0,	19.329635198530585
14297,0,	20.30893960090338
14429,0,	26.287745786081654
14469,0,	35.25828041351549
14564,0,	30.242168990235562
14586,0,	28.43902642033071
14680,0,	29.16453551625412
14699,1,	37.88459676533344
14769,0,	23.928778207340237
14817,0,	24.735740980150275
14933,0,	30.41012567471309
14976,0,	18.59017400460866
14982,0,	29.93508995714419
15007,0,	26.304222549432293
15017,0,	23.838156008911707
15043,0,	23.500249483099775
15090,0,	16.41563987369539
15119,0,	19.258545937299992
15131,0,	19.11171671550598
15251,0,	18.009766727869938
15265,0,	19.34491606776707
15286,0,	18.1583233522733
15337,0,	17.80885651669115
15348,0,	26.520147875599974
15405,0,	25.000033579379515
15422,0,	27.20127601217568
15424,0,	14.681859162411778
15470,0,	30.55642338801192
15502,1,	36.31664670454661
15524,0,	15.337342014094954
15536,0,	21.512806342490563
15633,0,	20.86463173261614
15641,1,	36.33325634502105
15902,0,	16.09939231906211
15919,0,	24.945022450128185
15953,0,	17.846726496972867
15969,0,	28.549314433080973
15975,0,	24.443012676428804
16084,0,	30.135867291199173
16091,0,	32.839252374818514
16108,0,	17.57765032128699
16213,0,	21.90173768383997
16248,0,	18.141315080427475
16268,0,	30.11327818015394
16272,0,	15.910706803272507
16326,0,	21.84234160950339
16333,0,	20.726173769621226
16365,0,	15.49878771950648
16379,1,	45.717038827458865
16382,0,	20.408597443750004
16384,0,	23.667408904834502
16549,0,	18.160980894749212
16572,0,	20.482610001704096
16587,0,	24.080656759838497
16597,0,	27.555260669966877
16646,0,	19.65119783811568
16713,0,	22.88542703129802
16748,0,	25.101020193464098
16907,0,	20.003986601792715
16948,1,	49.44357776430351
16949,0,	34.851144906206095
17001,0,	19.808657229813345
17048,0,	19.18147720549861
17061,0,	17.22685471446688
17067,0,	32.69707385235733
17298,0,	18.890476304386475
17337,0,	17.594924347380406
17373,0,	23.857290314738265
17413,0,	18.91240102981273
17430,0,	35.04434824420475
17558,1,	51.370960444957156
17679,0,	28.626383164882363
17689,0,	22.906022985486317
17700,0,	22.353918536116044
17729,0,	25.608079297867704
17763,1,	38.92854588843276
17800,0,	20.85174265160797
17853,0,	26.92090528096719
17865,1,	50.08258385263604
18004,1,	56.60964105059452
18010,1,	51.39820025533525
18059,0,	21.56130649267591
18076,0,	20.270670989250274
18093,0,	31.723084534936362
18281,0,	27.223865123220918
18324,0,	20.409261829368972
18345,0,	24.93797996256702
18370,0,	17.88725401973049
18432,0,	19.01538080075424
18475,0,	24.505863555984075
18583,0,	21.480915832779644
18620,0,	22.00910239986673
18686,0,	22.172541262135194
18808,0,	24.17061457264804
18937,0,	23.582367545605386
18948,0,	24.169684432781473
18994,0,	22.041657295196625
19031,0,	20.015546911562925
19166,0,	24.55967879112125
19375,0,	22.44095305220209
19388,0,	21.539381767249658
19408,0,	35.61199931705909
19413,0,	35.152643100098075
19418,0,	28.12477202255437
19426,0,	20.732153240192034
19446,0,	20.19067896072539
19508,0,	19.326977656054677
19539,0,	19.170182649975995
19570,0,	27.374016273109824
19578,0,	20.67900239067383
19683,0,	25.861210218698112
19689,0,	27.615055375674856
19714,0,	23.559114048941176
19745,0,	18.888483147529545
19751,0,	17.35707429578647
19756,0,	18.49649563233283
19772,0,	21.10288041558146
19834,0,	19.926917869991335
19864,0,	24.981563659171947
19893,0,	21.41049095716803
19903,0,	16.286350432242376
19923,0,	24.12849252440487
19937,0,	24.83274128052099
19950,0,	22.52891770815471
19966,0,	23.315948912395417
20062,0,	19.382786048048782
20134,0,	19.779424262578335
20146,0,	27.220543195126023
20320,0,	23.31329136991951
20424,0,	25.20479722714837
20449,0,	21.267913803335464
20584,0,	19.72029394248934
20676,0,	23.021626083188405
20686,0,	27.659702089270144
20708,0,	26.27871014166356
20710,0,	21.042421324254512
20744,0,	14.906155747378572
20766,0,	21.151380565766814
20771,0,	22.452247607724708
20785,0,	15.526293284132143
20876,0,	21.521974864032448
20986,0,	16.54718822625293
21029,0,	33.72886471862935
21030,0,	24.487260758652702
21039,1,	40.02644312379301
21048,0,	24.273195712218154
21079,0,	19.617314171547825
21129,0,	19.897684902756318
21150,0,	19.323655727959785
21184,0,	17.90652120268084
21260,0,	22.23366473908112
21315,0,	19.833903883334486
21333,0,	22.202438614989177
21401,0,	22.5439328231436
21528,0,	23.08500847123885
21547,0,	17.616849072806662
21555,0,	21.60475731215704
21571,0,	24.68724082996492
21630,0,	21.94758029154942
21670,0,	23.21316845713961
21880,0,	25.051988534783558
21904,0,	19.555526308982923
21949,0,	20.02484831022861
22075,0,	22.020396955389348
22116,0,	25.996080499350544
22206,0,	17.479321249678325
22265,0,	23.632860852647674
22317,0,	25.06461186154413
22371,0,	15.049663041077705
22378,0,	19.46071848115484
22476,0,	19.441251982518807
22532,0,	20.25379559452825
22557,0,	23.30731189934871
22569,0,	24.932399123367613
22595,0,	23.29495432683574
22714,0,	16.405674089410727
22750,0,	19.629937498308404
22870,0,	15.473541065985335
22904,0,	22.68278941750989
22976,0,	17.6509984936221
23049,0,	17.01425131639409
23088,0,	15.891705374569755
23191,0,	27.90765080227253
23229,0,	22.46885724819915
23230,0,	23.062817991564998
23250,0,	15.417732673991226
23332,0,	20.19665843129619
23714,0,	22.229678425367254
23720,0,	21.982526975107632
23796,0,	20.268677832393344
23819,0,	21.967910491490123
23862,0,	25.16161216191484
23866,0,	19.31568310053206
23902,0,	23.181078631742995
23910,0,	22.29811014412193
23985,0,	21.51506525359508
24043,0,	18.48918739052408
24101,0,	19.344916067767066
24107,0,	26.730890993939635
24125,0,	21.36491410370618
24159,0,	26.594957696296838
24199,0,	20.78995478904307
24439,0,	23.374414846865438
24443,0,	19.275819963393417
24463,0,	18.725907986565755
24505,0,	19.93422611180009
24550,0,	19.451483521051053
24557,0,	31.085540094965577
24628,0,	17.615520301568704
24657,0,	20.557685576648552
24659,0,	17.978939235149383
24668,0,	16.162110321493586
24677,0,	20.40793305813102
24745,0,	20.11161707206707
24750,0,	19.80932161543232
24751,0,	24.018868897273585
24808,0,	21.40318271535928
24895,0,	26.896323013065015
24959,0,	23.51220842424137
25005,0,	18.634687841080147
25029,0,	19.091652269812855
25037,0,	20.424144067234074
25099,0,	31.132445719665387
25176,0,	23.407235496442922
25302,0,	27.157426561323163
25426,0,	31.271302314031672
25486,0,	21.445703394973837
25509,0,	19.558183851458836
25529,0,	20.753679334246904
25582,0,	19.411354629664817
25588,0,	21.769923577034845
25601,0,	23.10467428556059
25612,0,	22.656213992750786
25714,0,	19.14227845397894
25839,0,	23.827525839008075
25840,0,	19.410291612674452
25845,0,	23.257748732172995
25854,1,	48.27492346052213
25956,0,	28.00345520852908
25976,0,	29.938544762362874
25998,0,	25.86174172719329
26000,0,	21.143407938339084
26091,0,	21.545361237820458
26120,0,	17.244793126179275
26189,0,	20.11580270146663
26191,0,	30.270073186232615
26194,0,	35.76919295450916
26344,0,	23.080756403277395
26377,0,	19.60269768793033
26416,0,	18.04564355129472
26429,1,	45.83795701011277
26471,0,	21.682091798206017
26662,0,	26.530910922627413
26676,0,	18.972860121139682
26907,0,	18.790818461539857
26922,0,	26.19260576544408
26936,0,	22.477760015493445
27008,0,	22.867488619585625
27026,0,	20.578680162208233
27039,0,	22.253064799155265
27100,0,	17.64674642566065
27201,1,	50.85672597586859
27213,0,	16.938511355830656
27216,1,	50.275920067758484
27234,0,	21.964588563395242
27244,0,	26.43205034252356
27365,0,	16.501345618543482
27379,0,	27.106933254280875
27528,0,	21.490217231445328
27626,0,	18.317775900827897
27662,0,	23.517257754945593
27700,0,	22.382354240608272
27703,0,	27.61186632470376
27711,0,	27.910175467624637
27728,0,	22.84582964840696
27814,1,	36.792346807734475
27821,0,	18.88117490572079
27846,1,	43.69863531700531
27849,0,	25.659768499024146
27995,0,	23.853436878148194
28113,0,	20.8865564580424
28162,0,	21.845264906226888
28259,0,	22.007773628628783
28290,0,	20.523004647337924
28329,0,	17.50523228881844
28372,0,	21.175298448050007
28392,0,	20.10430883025832
28406,0,	17.291964505126675
28488,0,	22.80171444330685
28501,0,	22.217985238473247
28607,0,	22.486397028540146
28652,0,	22.688104502461716
28659,1,	36.98262684900962
28700,0,	20.86815297639671
28747,0,	32.19413393879138
28906,0,	28.0942102840814
28952,0,	18.943228522533285
29043,0,	22.66551539141647
29073,0,	27.27236527340627
29140,0,	24.551307532322134
29206,0,	14.873866606296268
29252,1,	40.30315973409713
29376,0,	18.585523305275817
29414,0,	26.263030641055696
29424,0,	27.752051690308004
29453,0,	35.87615903916453
29469,0,	21.84367038074134
29492,0,	27.35926691236852
29541,0,	18.244294851368988
29613,0,	24.22283528229967
29619,0,	22.15792477851769
29703,0,	21.413812885262914
29738,0,	20.817858985040125
29805,0,	22.0837793434398
29833,0,	21.152044951385793
29864,0,	23.335880480964743
29991,0,	20.657077665247577
30056,0,	20.05401483890173
30090,0,	28.02631007382191
30129,0,	20.56472806420971
30217,0,	30.157659139501636
30249,0,	30.434840819739037
30254,0,	28.465601845089807
30258,0,	24.194266700683638
30295,0,	26.21067705428027
30323,0,	33.48569958208359
30426,0,	34.95133425754789
30460,0,	32.55821725799103
30512,0,	21.415407410748465
30516,0,	19.69903360268206
30538,0,	22.822310397495166
30554,0,	18.982825905424345
30583,0,	23.783012002536584
30634,0,	20.376706934039085
30643,0,	21.41115534278701
30712,0,	20.598611730777556
30724,0,	20.87858383061466
30751,0,	21.37355111675288
30752,0,	21.943992609206937
30970,0,	19.89702051713735
31005,0,	25.663223304242827
31069,0,	17.91582260134652
31085,0,	20.94276348140789
31127,0,	18.00445164291812
31193,0,	25.186858815435983
31196,0,	31.242733732415644
31257,0,	25.32000169347907
31290,0,	20.18270633329766
31293,0,	19.81822438272662
31364,0,	22.215726327368728
31366,0,	22.145301451757113
31384,0,	26.209348283042313
31448,0,	26.11899183886138
31549,0,	22.240175718147093
31560,0,	25.46789393226345
31564,0,	22.24628806584169
31605,0,	21.0603597359669
31634,0,	21.23243561128207
31648,0,	26.080058841589295
31701,0,	22.628974182372716
31711,0,	26.81261042507386
31727,0,	19.007408173326517
31734,1,	37.1099231336057
31760,0,	26.22223736405048
31918,0,	21.413148499643935
31924,0,	16.214995416764197
31934,0,	18.862173477018032
31959,0,	19.515663171844277
32079,0,	22.176527575849054
32136,0,	24.522738950706103
32140,0,	27.32511749155308
32220,0,	22.400425529444465
32267,0,	20.902235958650266
32269,0,	18.979703293015145
32328,0,	17.12453932914435
32473,0,	22.093080742105478
32479,0,	28.38786872766945
32549,0,	22.89273527310677
32567,0,	24.05501147494596
32584,0,	23.997608557466314
32619,0,	19.869780706759272
32621,0,	20.233864025958926
32624,0,	23.592997715509032
32635,0,	32.43397714724226
32705,0,	20.995914330926084
32758,0,	21.07457758821302
32800,0,	20.646447495343935
32813,0,	15.57585645130787
32834,0,	24.78357674471665
33018,0,	22.918646312246892
33090,0,	23.94206591971979
33092,0,	19.70833500134774
33229,0,	27.56004424642351
33314,0,	23.11331129860729
33332,0,	21.549347551534314
33435,0,	16.25645307938839
33455,0,	20.245357897167228
33494,0,	18.788160919063944
33508,0,	22.916653155389955
33602,0,	21.827725125885877
33604,0,	25.270571403427144
33708,0,	27.336146292828104
33710,0,	24.849350920995427
33741,0,	20.36209045042158
34007,0,	18.85885154892315
34179,0,	29.08480924197682
34230,0,	23.072783775849665
34237,1,	41.65299199617366
34258,0,	25.318274290869727
34278,0,	25.176228645532344
34307,0,	29.749194860954283
34331,0,	17.502176114971146
34360,0,	26.23173807840186
34404,0,	19.916287700087693
34582,0,	17.920473300679365
34699,0,	22.49609705857722
34717,0,	25.03870082240401
34740,0,	26.49104778548876
34744,0,	24.630768052351847
34760,0,	23.66966781593903
34763,0,	26.661130503946993
34846,0,	20.090622486507378
34900,0,	19.833903883334493
34924,0,	28.49217726984891
35001,0,	19.851177909427904
35012,0,	23.2222705401196
35127,0,	16.90223590103449
35132,0,	28.5426705768912
35202,0,	18.365877419641862
35320,0,	17.985583091339166
35366,0,	27.047005671449107
35387,0,	20.31890538518804
35398,0,	24.036142923367
35427,0,	20.401289201941253
35429,0,	20.198252956781737
35474,1,	40.95525421912352
35521,0,	27.925456336861124
35537,0,	20.244494195862565
35542,0,	18.913729801050682
35675,0,	24.207355097377494
35722,0,	23.75112149282566
35884,0,	20.18403510453561
35921,0,	20.22921332662608
35938,0,	23.84945056443433
35975,0,	22.99970135776215
35980,0,	26.46513674634864
36039,0,	18.64664678222174
36110,0,	25.60077105605895
36215,0,	19.74647073587705
36327,0,	25.665216461099767
36383,0,	25.534332494161198
36419,0,	21.502840558205897
36638,0,	20.182041947678684
36843,0,	18.50779018785545
36923,0,	17.011593773918182
36953,0,	20.26309699319393
36962,0,	16.25047360881759
36963,0,	21.336079767842556
37133,0,	26.839850235451934
37197,0,	19.50197682809334
37319,0,	24.54705546436068
37362,0,	31.983523697575528
37388,0,	17.04242126663874
37508,0,	17.62814362832928
37519,0,	16.58970890586749
37524,0,	26.406870127564318
37667,0,	23.09670165813285
37687,0,	18.533701226995575
37714,0,	19.43420949495764
37773,0,	22.45384213321025
37816,0,	20.39756864247498
37824,0,	19.350231152718884
37868,0,	22.23353186195732
37877,0,	21.063017278442818
37881,0,	23.628210153314832
37956,0,	23.570408604463793
37977,0,	20.761386207427037
38022,0,	27.252699459084532
38130,0,	19.398731302904242
38142,0,	22.049629922624362
38149,0,	33.89097480965985
38243,1,	40.14417225547582
38358,0,	23.307577653596304
38375,0,	31.806132737308545
38402,0,	20.06378130750069
38454,0,	17.59027364804756
38597,0,	22.361093900800995
38639,0,	25.77935791044009
38681,1,	38.11646734635658
38908,0,	23.723217296828608
38953,0,	19.8481217355806
39000,0,	24.741321819349686
39036,0,	17.17503263618664
39060,0,	22.81101584197254
39098,0,	16.934525042116796
39119,0,	31.57180392949519
39174,0,	17.505896674437423
39222,0,	29.383782770516678
39254,0,	24.652028392159117
39258,0,	19.641896439449994
39314,0,	23.800286028629998
39338,0,	23.9743550608021
39358,0,	23.108926353522044
39367,0,	24.44407569341917
39427,0,	27.72614065116788
39544,0,	21.56861473448467
39557,0,	20.182041947678684
39561,0,	19.59964151408303
39725,0,	30.912799834031432
39758,0,	25.322924990202566
39808,0,	23.24844733350731
39989,0,	18.59548908956048
40113,0,	17.828123699641495
40143,0,	23.47393981258826
40147,0,	23.361127134485887
40149,0,	21.40185394412132
40245,0,	18.167624750938987
40253,0,	26.111019211433643
40267,0,	24.832342649149606
40278,0,	33.249842687346586
40356,0,	20.859050893416725
40361,0,	18.97551766361559
40397,0,	17.96166520905597
40570,0,	21.675580819140038
40584,0,	25.725675552426708
40739,0,	16.860379607038908
40787,0,	26.88755312289452
40808,0,	30.206292166810794
40819,0,	14.900840662426749
40837,0,	18.993057443956598
40843,0,	16.878716650122684
40873,0,	21.765272877702
40930,0,	30.449058671985156
40947,0,	20.414178282949408
40966,0,	25.26107068907577
41049,0,	30.285885563964285
41111,0,	26.090423257245345
41145,0,	20.10058827079205
41189,0,	21.361592175611285
41250,0,	24.83473443737792
41283,0,	22.862837920252783
41332,0,	20.107630758353203
41355,0,	23.139886723366388
41362,0,	24.900508613656694
41427,0,	29.56981074383036
41434,1,	40.24170406434172
41467,0,	23.203667742788227
41590,0,	22.59927614520442
41672,1,	39.16845553544551
41699,0,	16.897319447454056
41738,0,	19.568814021362478
41741,0,	30.32189526451287
41749,1,	41.16054937538756
41768,0,	20.24848050957643
41836,1,	36.712620533457184
41860,0,	24.454307231951418
41912,0,	20.635152939821317
42178,0,	20.17473370586993
42199,0,	24.47065111817827
42248,0,	23.59764841484187
42340,0,	21.459655492972363
42425,0,	24.368335732855734
42451,0,	16.94382644078248
42456,0,	26.731156748187225
42467,0,	22.211740013654865
42511,0,	20.217918771103466
42520,0,	18.4473310965285
42544,0,	22.706042914174102
42605,0,	23.967046818993346
42633,0,	17.144470897713674
42695,0,	30.50526569535065
42720,0,	22.877055772498895
42736,0,	20.586918543883556
42740,0,	28.96940545996043
42769,0,	13.219945046413745
42782,0,	19.60894291274871
42809,0,	18.6154206581298
42855,0,	18.7423183113545
42919,0,	22.06956149119369
42984,0,	22.149287765470973
43052,0,	24.71182309786709
43072,0,	19.42862865575823
43080,0,	23.492675487043428
43102,0,	19.271833649679543
43130,0,	24.502541627889187
43162,0,	19.7628146221039
43391,0,	18.45889140629871
43396,0,	30.408929780598918
43435,0,	25.91887889042536
43476,0,	19.395409374809354
43607,0,	22.947879279481896
43643,0,	31.697173495796232
43884,0,	25.02435009303409
43911,0,	17.03816919867728
43971,1,	36.909278676674504
44010,1,	36.75514121307174
44075,0,	21.44437462373588
44080,0,	22.251603150793507
44215,0,	32.98873913908844
44271,1,	38.94229867074557
44336,0,	20.079527246670455
44384,0,	23.098960569237374
44455,1,	45.72634022612455
44534,0,	23.004352057094984
44549,0,	17.992226947528934
44577,0,	25.00813908393104
44608,0,	19.427964270139253
44640,0,	28.889479869997437
44666,0,	23.281666614456178
44674,0,	28.222436708544056
44711,0,	22.625918008525417
44763,0,	20.840448096085364
44789,0,	22.28747997421829
45003,0,	21.336744153461527
45013,0,	24.43876060846735
45083,0,	22.567452074055392
45095,0,	16.13991984181974
45105,0,	20.131548640636396
45194,0,	26.504335497868308
45205,0,	33.30950451593076
45207,0,	18.892469461243408
45230,0,	26.776069216030102
45238,0,	21.09490778815373
45269,0,	24.27053816974225
45333,0,	21.788725690051912
45339,0,	23.205660899645167
45415,0,	18.137727398084998
45441,0,	24.481945673700878
45546,0,	28.32541647948556
45572,0,	27.758695546497783
45600,0,	22.90402982862939
45617,0,	16.574428036631005
45646,1,	43.77969036252056
45654,0,	19.79450581612912
45739,0,	24.052752563841437
45761,0,	27.261735103502627
45769,0,	19.482443890895407
45788,0,	21.419792355833714
45796,0,	23.697970643307464
45830,0,	21.91834732431441
45867,0,	25.497126899498465
45885,1,	37.49513391548884
45930,0,	26.975252024599545
45947,0,	18.092549175994534
46043,0,	16.905292074881785
46126,0,	26.72643961029248
46270,0,	20.113875983171596
46274,0,	22.67813871817705
46324,0,	20.399960430703292
46446,0,	25.823207361292607
46520,0,	22.779789717880597
46549,0,	30.060127330635748
46554,0,	19.126997584742455
46612,0,	25.338338736562847
46636,0,	19.018304097477742
46658,0,	19.181742959746202
46661,0,	21.12613391224567
46667,0,	22.77513901854776
46809,0,	19.21668964330442
46822,0,	24.566854155806197
46855,0,	17.342457812168963
46913,0,	30.988274040347275
46995,0,	27.38331767177551
47010,1,	41.88021187786397
47051,0,	20.48500178993241
47052,0,	20.374049391563176
47069,0,	21.919676095552365
47072,0,	18.832010369916457
47097,0,	22.40441184315833
47122,0,	21.64767662314298
47350,0,	20.31624784271213
47388,0,	26.873069516400804
47430,0,	22.316048555834325
47475,0,	20.45138387761215
47559,0,	17.95661587835174
47593,0,	20.59263226020677
47611,0,	24.598877542640928
47688,0,	17.703883588892708
47733,0,	18.845298082296004
47761,0,	20.224163995921852
47979,0,	19.37016272128821
48015,0,	24.808159012618823
48103,0,	24.11520481202532
48250,1,	42.01375338727844
48311,0,	25.764475672574996
48348,0,	22.30741154278762
48349,0,	22.360562392305816
48538,0,	20.98794170349835
48563,0,	17.074046022102063
48591,0,	21.088263931963958
48666,0,	25.236023351240316
48670,0,	22.836794003988864
48679,0,	23.7499920372734
48742,0,	23.612530652706965
48762,0,	22.93525595272133
48806,0,	16.8311466398039
48931,0,	22.86483107710972
48961,0,	15.657575882442092
49081,0,	22.93592033834031
49199,0,	18.543667011280235
49200,0,	32.134339233083416
49271,0,	34.03448210335898
49301,0,	21.269641205944797
49378,1,	43.420257742653746
49422,0,	25.139023050869604
49437,0,	19.28379259082114
49449,0,	22.1898152882286
49571,0,	16.851078208373224
49599,0,	18.507125802236477
49609,0,	19.537587897270534
49622,0,	16.368468494747987
49640,0,	16.76464163934425
49735,0,	20.65442012277167
49736,0,	19.6299374983084
49855,0,	17.509882988151286
50012,0,	22.05162307948129
50104,0,	24.163704962210673
50108,1,	39.88439747845564
50276,0,	23.191708801646634
50399,0,	20.49563195983605
50442,1,	47.05178953598461
50492,0,	28.184566728262343
50497,0,	20.62651592677462
50570,1,	41.00654478890859
50669,0,	22.727103938295684
50676,0,	23.220277383262662
50802,0,	23.088729030705117
50833,0,	19.698236339939285
50911,0,	24.228017490127698
50951,0,	30.05016154635108
50965,0,	29.413945877618254
50997,1,	38.898980728388246
51088,0,	20.021260627886132
51202,0,	23.566555167873723
51215,0,	22.19645914441838
51227,0,	22.824569308599685
51234,0,	21.93004051120841
51265,0,	16.41191931422912
51309,0,	23.382653228540754
51429,0,	26.346211720551665
51433,0,	19.9072520556696
51459,0,	30.88330111254883
51546,0,	20.667043449532237
51586,0,	28.37192347281399
51681,0,	29.895226820005544
51773,0,	21.68820414590061
51803,0,	24.040793622699844
51811,0,	21.210510885855815
51827,0,	22.492110744863357
51897,0,	22.232335967843163
51910,0,	22.977776632335893
51919,0,	22.365213091638655
52017,0,	21.316812584892197
52133,0,	20.51224160031049
52163,0,	31.977809981252314
52248,0,	23.587682630557207
52398,0,	17.291300119507703
52409,0,	23.99162908689551
52459,0,	15.339335170951884
52493,0,	17.411553916542626
52569,0,	17.018902015726937
52615,0,	23.309969441824624
52667,0,	22.40241868630139
52680,0,	30.598279682007497
52698,0,	28.65946956870743
52762,0,	17.815500372880926
52834,0,	23.601634728555734
52865,0,	21.760622178369157
52871,0,	24.917118254131125
52881,0,	19.0638809509396
53030,0,	21.607813486004336
53069,0,	28.18257357140541
53168,0,	20.978241673461287
53227,0,	28.807361807491823
53481,0,	21.86758826302453
53530,0,	18.877188592006924
53542,1,	37.07138876770501
53549,0,	23.95442349223277
53584,0,	20.52752246954697
53634,0,	23.89795071461969
53843,0,	32.637279146649355
53845,0,	19.773444792007535
53907,0,	17.09132004819548
53966,0,	25.944125543946512
54124,1,	39.48177979335529
54200,0,	21.646347851905027
54266,0,	21.40185394412132
54399,0,	18.885825605053633
54418,0,	21.43706638192713
54436,0,	25.159884759305502
54467,0,	20.896920873698445
54474,0,	19.673122563541938
54511,0,	30.258114245091036
54528,0,	17.416869001494444
54563,0,	17.505498043066034
54613,0,	20.249144895195407
54637,0,	21.91343087073398
54638,0,	15.443643713131348
54806,0,	27.996545598091718
54824,0,	23.41188619577577
54953,0,	18.79480477525372
54988,0,	18.470850347440305
55056,0,	20.704913429813953
55209,0,	17.13809279577149
55213,0,	24.088629387266216
55239,0,	29.478590598344763
55256,0,	23.209248581987637
55405,1,	42.836262783572536
55442,0,	21.83702652455156
55463,0,	19.53625912603258
55504,0,	18.88250367695874
55526,0,	17.266319220234145
55597,0,	25.411421154650366
55630,0,	19.810251755298886
55644,0,	25.156961462581997
55651,0,	25.21476301143303
55660,0,	20.26562165854605
55850,0,	25.60077105605895
55896,0,	18.868551578960222
55925,0,	24.105239027740655
55952,0,	18.546590308003736
56002,0,	16.778394421657087
56008,0,	16.335249213799116
56089,1,	50.51058106838132
56097,0,	21.672524645292743
56182,0,	35.01577966258871
56248,0,	29.705345410101778
56326,0,	33.59997390854772
56358,0,	20.015945542934315
56395,0,	23.452812349904786
56405,0,	22.01574625605651
56489,1,	38.11075363003337
56504,0,	22.477494261245848
56529,0,	17.394545644696795
56542,0,	17.98558309133916
56641,0,	27.374879974414494
56653,0,	21.22313421261638
56877,0,	22.618344012469073
56885,0,	18.57489313537218
56917,0,	21.625751897716736
56984,0,	17.827459314022523
56990,0,	19.712321315061608
57049,0,	29.54655724716616
57237,0,	21.664286263617424
57264,0,	27.534000330159596
57266,0,	17.259409609796784
57285,0,	31.713783136270678
57319,0,	23.234760989756374
57396,0,	23.76706674768113
57551,0,	18.159652123511258
57565,0,	29.041491299619477
57719,0,	22.848354313759078
57766,1,	46.67375411878642
57784,0,	20.313590300236225
57834,0,	25.95821051906882
57963,0,	26.959041015496496
58063,1,	43.304521767827865
58064,0,	25.62668209519907
58078,1,	36.27731507590313
58082,0,	27.597116963962456
58132,0,	25.487825500832784
58333,0,	25.93874402043279
58422,0,	26.975384901723338
58472,0,	24.274657360579916
58544,0,	24.74730128992049
58576,0,	21.75597147903631
58584,0,	20.960037507501305
58598,0,	17.39653880155373
58630,0,	19.411620383912407
58781,0,	21.289572774514127
58822,0,	19.937548039894974
58885,0,	32.064578743090784
58954,0,	24.127429507414504
59108,0,	19.747533752867415
59166,0,	26.337574707504963
59207,0,	25.534864002656384
59218,0,	21.45301163678259
59235,0,	22.718666240934674
59245,0,	17.943726797343576
59260,0,	21.40517587221621
59279,0,	24.06391424224026
59345,0,	27.315816092887395
59395,0,	20.820516527516027
59445,0,	25.254891902819274
59465,0,	28.155333761027332
59487,0,	22.46208051488557
59515,0,	20.678338005054854
59586,0,	22.039664138339692
59611,0,	25.970833845829397
59671,0,	20.094343045973652
59716,0,	21.94598576606387
59750,0,	28.271069735853214
59775,0,	25.925655623738933
59778,0,	24.446068850276102
59788,0,	23.862073891194907
59898,0,	21.77856059008155
59908,0,	22.30967045389213
59918,0,	20.31312523030294
60004,0,	25.43201710883868
60032,0,	19.76773107568433
60040,0,	26.341162389847447
60065,0,	22.39730291703527
60092,0,	23.281400860208592
60223,0,	17.780553689322712
60285,0,	19.87270400348277
60312,0,	18.89911331743318
60392,0,	34.7801885220993
60584,0,	27.611201939084783
60659,1,	41.38856651982063
60767,0,	18.153672652940465
60774,0,	15.951898711649115
60863,0,	28.71102589274009
60908,0,	21.28558646080026
60924,0,	23.482045317139786
61025,0,	18.250672953311167
61124,0,	18.88144065996838
61173,0,	20.601933658872444
61193,0,	28.31744385205784
61240,0,	24.81068367797093
61289,0,	21.596784684729315
61336,0,	27.486297442717014
61374,0,	34.53077816073515
61395,0,	20.633159782964384
61502,0,	22.825632325590046
61606,0,	29.314686666143018
61618,0,	23.70793642759213
61650,0,	18.24004278340753
61688,0,	24.481148410958113
61697,0,	20.984885529651063
61781,0,	22.39112413077878
61817,0,	20.562734907352773
61852,0,	26.93751492144162
61856,0,	22.31538417021535
61888,0,	27.69425014145697
61945,0,	33.21821793188327
61982,0,	17.91210204188025
62000,0,	18.61967272609126
62003,0,	22.432581793402974
62073,0,	17.874896447217512
62107,0,	19.140949682740985
62109,0,	25.709730297571255
62156,0,	25.35827030513218
62216,0,	23.689998015879738
62224,0,	24.537222557199804
62267,0,	20.03321956902773
62285,0,	33.60661776473749
62594,0,	28.564595302317443
62659,0,	26.3335883937911
62732,0,	18.447995482147476
62738,0,	19.629273112689425
62743,0,	35.52802097482035
62764,0,	26.084975295169734
62783,0,	22.137328824329387
62815,0,	25.828655323368217
62940,0,	31.515796221815393
62974,0,	30.366409100984363
63001,0,	21.260339807279117
63111,0,	21.528751597346016
63193,0,	19.455204080517326
63206,0,	20.10165128778241
63220,0,	19.942198739227813
63336,0,	21.779224975700522
63364,0,	21.669202717197855
63366,0,	20.416570071177727
63379,0,	19.35089553833787
63416,0,	22.93857788081622
63432,0,	23.882005459764226
63452,0,	27.722420091701604
63473,0,	24.081985531076448
63491,0,	19.916952085706676
63538,0,	22.718931995182267
63573,0,	22.397767986968553
63592,0,	21.127064052112235
63635,0,	21.93867752425512
63656,0,	18.54526153676578
63686,0,	26.446533949017272
63688,0,	19.55007834690731
63728,0,	33.72647293040102
63781,0,	18.438295452110406
63894,1,	41.828389799583704
63910,0,	27.083879073302363
63943,0,	20.152676103319873
63973,0,	23.638707446094674
63975,0,	21.726074126182326
64136,0,	20.653556421466995
64194,1,	42.801714731385715
64203,0,	21.87622527607124
64268,0,	34.16270852782163
64312,0,	25.434010265695598
64357,0,	28.365545370871803
64374,0,	34.6357510885336
64393,0,	31.12845940595152
64481,0,	19.29043644701092
64598,0,	23.295352958207115
64629,0,	22.06942861406989
64689,0,	29.151912189493544
64795,0,	30.37066116894582
64803,1,	40.59728324761845
64827,0,	19.354217466432754
64833,0,	26.080457472960685
65070,0,	24.727768352722542
65138,0,	30.666047015143203
65163,0,	19.542902982222362
65298,1,	42.83181139992539
65305,0,	23.226256853833462
65476,0,	17.022888329440804
65535,0,	18.271933293118447
65536,0,	28.939308791420743
65585,0,	27.91349739571953
65615,0,	20.920174370362655
65635,0,	21.961931020919334
65711,0,	24.75633693433858
65767,0,	35.6117335628115
65768,0,	17.00322251511907
65863,0,	21.59937578864333
65927,0,	25.817360767845607
66102,0,	18.457296880813164
66193,0,	26.98202875791312
66215,0,	19.844534053238124
66271,0,	19.68574589030251
66303,0,	22.141979523662222
66310,0,	19.73889673982071
66354,0,	29.306581161591495
66480,0,	17.784274248788982
66572,1,	45.80340895792594
66596,0,	21.289572774514134
66606,0,	19.878683474053574
66786,0,	18.616085043748782
66827,0,	24.68259013063208
66851,0,	18.29784433225857
66900,0,	20.954058036930505
66976,0,	19.849849138189946
66984,0,	23.743148865397934
67068,0,	22.807693913877657
67084,0,	22.98727734668727
67118,0,	26.648374300062628
67155,0,	20.543069093031047
67196,0,	29.89602408274831
67200,0,	20.764575258398132
67212,0,	22.345281523069335
67235,0,	17.630402539433803
67241,0,	20.385343947085786
67450,0,	20.24382981024359
67518,0,	23.175364915419788
67526,0,	25.154569674353677
67571,0,	28.575889857840068
67576,0,	17.07537479334002
67638,0,	30.403216064275703
67664,0,	17.65139712499349
67700,0,	20.09633620283059
67701,0,	35.832973973931
67704,0,	20.04650728140728
67732,0,	32.183503768887746
67789,1,	44.86848551490083
67796,0,	17.529150171101634
67799,0,	23.41627114086102
67802,0,	26.162708412590092
67828,1,	37.735774386682486
67852,0,	16.221639272953965
67892,0,	18.730625124460495
67902,0,	23.43620270943034
67914,0,	25.02474872440548
67936,0,	29.83543211429755
67978,0,	18.18157684893751
68008,0,	24.771617803575065
68019,0,	23.894761663648595
68094,0,	18.734345683926772
68146,0,	32.0639143574718
68159,0,	21.067003592156677
68205,0,	23.13855795212843
68239,0,	18.866159790731896
68250,0,	15.787795463761679
68251,0,	21.546557131934616
68402,0,	18.81540072944202
68506,0,	32.68577929683472
68512,0,	18.08789847666169
68520,0,	21.01584589949541
68598,0,	26.874398287638755
68604,0,	19.24127191120658
68619,0,	13.961665151440197
68624,0,	17.253430139225983
68661,0,	17.491280190819918
68792,0,	20.1579247497098
68806,0,	20.172740549013
68853,0,	23.376408003722375
68876,0,	19.23529244063578
68899,0,	21.38258676117098
68918,0,	25.431352723219696
68955,0,	20.87698930512912
69060,0,	20.934790853980154
69125,0,	24.26469157629526
69126,0,	24.364349419141874
69137,0,	27.825798494014503
69177,0,	25.609408069105655
69185,0,	23.66541574797757
69230,0,	31.17164447118505
69243,0,	21.67823836161595
69299,0,	17.200279289707787
69320,0,	19.08341388813753
69324,0,	19.758163922771057
69328,0,	23.735176237970208
69361,0,	22.290137516694205
69374,0,	20.35345343737487
69375,0,	32.50307325161591
69458,0,	20.615885756870973
69480,0,	18.75427725249609
69536,0,	34.37265438341852
69587,0,	25.992758571255656
69665,0,	23.798292871773068
69668,0,	24.448327761380625
69764,0,	25.839285493271856
69782,0,	18.77088689297053
69803,0,	21.834368982075656
69846,0,	19.007408173326514
69855,0,	15.393150406089056
69950,0,	22.92196824034177
69980,0,	23.618244369030172
69992,0,	18.733016912688814
69998,0,	24.72245326777073
70024,0,	20.613228214395058
70046,0,	20.765372521140897
70120,1,	39.092449820634485
70125,0,	23.825134050779756
70146,0,	17.841411412021053
70149,0,	19.558183851458832
70355,0,	22.142643909281208
70419,0,	22.917981926627917
70433,0,	19.86645877866438
70557,0,	22.745241665693772
70566,0,	21.08427761825009
70581,0,	18.325748528255623
70599,0,	15.597116791115143
70614,0,	22.397103601349578
70646,0,	18.72285181271846
70769,0,	16.984353963540105
70803,0,	23.405441655271687
70878,0,	20.03056202655182
70954,0,	19.523635799272007
71004,0,	24.69601072013543
71031,0,	13.56542556828203
71058,0,	23.026143905397447
71092,0,	16.685380435000244
71133,0,	20.881640004461964
71248,0,	18.636016612318105
71277,0,	25.490483043308686
71369,0,	19.78673250438709
71449,0,	20.31359030023622
71483,0,	25.375810085473173
71487,1,	47.5002498287944
71537,0,	22.79905690083094
71613,0,	23.88466300224014
71614,0,	24.441418150943264
71616,0,	27.077035901426882
71699,0,	15.936883596660225
71797,0,	16.911271545452585
71812,0,	15.35129411209348
71824,0,	15.482178079032039
71835,0,	24.12517059630998
71848,0,	24.59156930083217
71892,0,	22.99704381528623
71916,0,	25.965718076563274
72031,0,	20.379364476514986
72099,0,	21.930306265456004
72102,0,	17.68195886346645
72185,0,	21.77191673389177
72291,0,	23.311298213062575
72314,0,	22.753878678740477
72453,0,	21.663621877998448
72579,0,	19.532272812318713
72587,1,	36.40301683501367
72591,0,	22.258247006983282
72660,0,	25.08122150201857
72725,0,	23.540511251609804
72933,0,	17.9105075163947
72941,0,	24.867422209831616
72983,0,	18.138657537951566
72988,0,	16.149221240485424
73052,0,	30.656745616477515
73210,0,	19.35953255138457
73290,0,	14.67029885264157
73293,0,	18.37252127583164
73325,0,	21.781882518176438
73360,0,	20.659070822104507
73394,0,	21.701491858280164
73422,0,	18.88144065996838
73431,0,	20.59954187064413
73442,0,	23.187722487932767
73503,0,	22.522273851964933
73621,0,	17.089326891338548
73756,0,	22.134139773358292
73785,1,	40.3986319475442
73853,0,	19.179484048641676
73884,0,	16.59196781697201
73890,0,	23.80825865605773
73929,0,	24.41816465427905
73937,0,	21.67956713285391
73945,0,	16.53124297139747
74110,0,	23.275421389637795
74143,0,	22.702720986079207
74156,0,	19.63990328259306
74251,0,	19.736504951592387
74313,0,	18.153672652940458
74387,0,	33.35149368705014
74559,0,	33.817228005953346
74634,0,	19.02667535627686
74685,0,	31.407102734550673
74689,0,	18.882769431206334
74719,0,	18.196857718173995
74720,0,	27.343321657513066
74722,0,	29.912633723222754
74783,0,	24.276650517436845
74820,0,	27.003554851967984
74888,0,	26.992924682064345
74940,0,	17.90585681706186
74951,0,	26.065176603724197
74974,0,	22.92263262596076
75043,0,	22.728233393847947
75110,0,	17.895226647158225
75157,0,	23.339202409059634
75206,0,	26.211341439899243
75224,0,	33.473740640942
75283,0,	21.16094771868009
75290,0,	20.46905653507695
75339,0,	25.14300936458347
75396,0,	28.710760138492496
75434,0,	18.357240406595157
75458,0,	32.05195541633021
75493,0,	21.091585860058842
75548,0,	16.75009159428865
75753,0,	18.00817220238439
75768,0,	34.298907579712015
75779,0,	18.67587974945675
75808,1,	40.770222824238296
75810,0,	21.149387408909885
75890,0,	24.587848741365892
75911,0,	17.759293349515428
75995,0,	21.775903047605645
76025,0,	28.1327446499821
76047,1,	38.73567474324357
76054,0,	23.50596319942298
76226,0,	25.08786535820834
76283,0,	19.193436146640202
76358,0,	19.65186222373466
76382,0,	25.659236990528964
76415,0,	23.134571638414574
76455,0,	26.718533421426645
76587,0,	21.59585454486274
76742,0,	20.28196554477289
76743,0,	26.46779428882455
76768,0,	17.599575046713245
76813,0,	21.922732269399663
76888,0,	21.56821610311328
76899,0,	14.977909394228138
76966,0,	21.386573074884843
76967,0,	20.58997471773085
77175,0,	17.398266204163072
77178,0,	26.853403702079074
77244,0,	23.583696316843344
77276,0,	19.03398359808561
77374,0,	25.689134343382957
77404,0,	19.0196328687157
77579,0,	21.03644185368371
77594,0,	22.737933423885018
77684,0,	19.718300785632405
77746,1,	40.98196252100641
77783,0,	32.14616529710122
77862,0,	21.690728811252722
77888,0,	23.537853709133902
77921,0,	29.090788712547614
77935,0,	21.280138498724654
77944,0,	20.953393651311526
77990,0,	24.5404116081709
78009,0,	17.92977469934505
78065,0,	16.77866017590468
78066,0,	34.199781245360576
78219,0,	20.2524668232903
78262,0,	33.281600319933716
78287,1,	39.95468947694345
78326,0,	19.932232954943153
78327,0,	25.179417696503428
78337,0,	17.131847570953102
78430,0,	17.933761013058916
78466,0,	16.754476539373897
78630,0,	33.649138444352054
78798,0,	16.01833727354686
78817,0,	19.208717015876687
78829,0,	19.40670393033197
78860,0,	35.56323341262615
78883,0,	17.63678064137598
79008,0,	33.60023966279531
79068,0,	30.427133946558904
79085,0,	22.667774302521
79112,0,	20.572700691637444
79160,0,	24.06869781869689
79253,0,	25.830183410291873
79361,0,	21.29820978756084
79401,0,	15.914693116986376
79452,0,	27.512872867476116
79535,0,	17.618177844044613
79589,0,	29.10009011121329
79625,0,	18.517888849263905
79641,0,	21.495532316397146
79780,0,	23.64747733626518
79801,0,	24.718599831180658
79918,0,	22.6648510057975
79942,0,	19.777431105721405
79988,0,	23.949772792899928
80059,0,	28.013819624185125
80089,0,	31.305850366218507
80146,0,	21.07630499082236
80172,0,	24.78424113033563
80173,0,	21.0131883570195
80233,0,	15.664485492879459
80273,1,	39.001428990834576
80291,0,	23.11796199794013
80311,0,	25.710394683190223
80312,0,	22.679467489415003
80387,0,	20.206225584209466
80407,0,	18.88715437629159
80469,0,	21.222469826997404
80516,0,	21.52609405487011
80518,0,	25.989436643160772
80588,1,	37.073381924561936
80657,0,	22.959838220623492
80821,0,	28.882836013807662
80867,0,	22.03833536710174
80868,0,	30.90921215168896
80918,0,	24.847224887014693
80919,0,	24.913131940417266
80958,0,	16.55051015434782
80999,0,	19.703684302014906
81012,0,	14.459024225806735
81063,0,	15.917350659462286
81130,1,	47.01245790734115
81138,0,	22.36122677792479
81204,0,	20.732153240192027
81331,0,	18.522406671472954
81347,1,	36.916852672730855
81427,0,	19.098429003126427
81491,0,	18.400159717581104
81571,0,	20.5029402016448
81621,0,	21.34006608155642
81644,0,	25.381125170424994
81727,0,	26.74045814685291
81830,0,	28.28023825739509
81844,0,	17.279606932613696
81933,0,	18.00617904552746
82016,0,	25.36823608941683
82032,0,	27.02654259438461
82175,0,	17.710992515015768
82192,0,	23.99654554047595
82201,0,	15.069594609647028
82309,0,	21.245058938042632
82326,0,	21.4882240745884
82360,0,	24.081985531076448
82446,0,	18.656612566506404
82456,0,	27.656180845489555
82495,0,	27.724811879929923
82524,0,	20.8450987954182
82544,0,	21.69484800209038
82563,0,	25.82121420443567
82612,0,	16.727236728995823
82628,0,	23.206591039511725
82631,0,	27.58927721365852
82715,0,	25.797562076400073
82795,0,	17.79822634678751
82801,0,	21.160017578813523
82805,0,	25.744278349758083
82918,0,	28.694814883637047
82969,0,	17.011859528165772
82990,0,	28.479421065964537
83023,0,	29.529947606691724
83055,0,	24.329801366955046
83060,0,	18.828024056202594
83074,0,	23.308242039215283
83123,0,	25.572866860061893
83193,0,	20.18270633329766
83197,0,	17.56436260890744
83209,0,	18.24363046575001
83210,1,	39.764143681420705
83220,0,	22.187157745752696
83276,0,	18.10982320208795
83280,0,	25.746271506615017
83313,0,	19.633923812022264
83334,0,	23.970368747088227
83347,0,	16.888948188654943
83409,0,	22.369863790971497
83418,0,	19.18878544730736
83419,0,	15.706740418246426
83441,0,	20.696940802386226
83456,0,	21.4025183297403
83596,0,	29.822277279041813
83643,1,	42.607049745025314
83756,0,	23.727203610542475
83769,0,	20.31691222833111
83865,0,	20.989270474736315
83883,0,	20.04969633237837
83916,0,	25.817360767845603
83960,0,	30.251470388901257
84084,0,	19.86366835906468
84104,0,	21.424443055166556
84124,0,	23.358469592009975
84205,0,	31.406836980303087
84253,0,	18.509118959093406
84263,0,	25.895758270884947
84288,0,	24.390924843900976
84358,0,	23.1956951153605
84480,0,	35.97183056829729
84536,0,	26.796000784599425
84546,0,	28.23506003530462
84616,0,	21.060891244462084
84742,0,	16.00770710364322
84748,0,	28.144304959752304
84781,1,	41.02049688690711
84805,0,	22.308075928406595
84924,0,	16.664585165126244
85009,0,	18.11181635894488
85087,0,	27.158090946942146
85088,0,	21.48888846020737
85167,0,	20.512241600310492
85240,0,	20.09434304597366
85316,0,	24.34840416428641
85320,0,	15.662226581774933
85352,0,	31.280205081325974
85354,0,	20.984619775403466
85383,0,	24.57854734270021
85401,0,	22.718931995182263
85409,0,	31.343321715128837
85424,0,	27.231837750648637
85447,0,	24.39384814062447
85482,0,	17.307909759982135
85555,0,	18.96090117999809
85601,0,	23.303989971253827
85606,0,	17.225127311857545
85683,0,	21.935355596160232
85745,0,	18.642660468507877
85771,0,	18.867222807722264
85781,0,	18.196857718173995
85815,0,	23.40324918272906
85881,0,	27.389297142346308
85951,0,	18.147294550998275
85952,0,	21.03777062492167
85992,0,	21.397203244788482
86105,0,	23.5026412713281
86172,0,	28.964156813570508
86211,0,	21.254360336708316
86215,0,	26.557486347386515
86308,0,	18.81141441572815
86331,0,	28.422682534103863
86437,0,	20.80257811580364
86519,0,	32.541607617516604
86539,0,	25.354815499913492
86558,0,	19.165531950643146
86587,0,	17.0966351331473
86589,0,	23.61625121217324
86619,0,	21.885128043365533
86628,0,	18.861509091399057
86672,0,	33.83583080328472
86674,0,	24.256054563248547
86676,0,	16.23625575657147
86694,0,	23.05484536413727
86711,0,	18.186493302517945
86721,0,	26.494369713583644
86908,0,	19.750855680962303
86912,0,	21.302196101274696
87166,1,	38.79772836005607
87257,1,	37.56967798193812
87280,0,	17.421519700827282
87309,0,	20.38122475624813
87326,0,	21.387503214751412
87365,0,	22.815002155686404
87375,0,	21.72208781246846
87412,0,	35.457596099208736
87478,0,	19.64654713878284
87497,0,	21.94731453730183
87564,0,	23.825134050779752
87569,0,	21.53652490908805
87635,0,	18.839982997344187
87638,0,	20.28635048985815
87643,0,	19.8923698178045
87645,0,	27.150384073762005
87677,0,	19.970102935224865
87696,0,	18.85127755286681
87720,0,	17.829452470879453
87739,0,	24.338438380001747
88057,0,	27.853968444259152
88084,0,	22.12536988318779
88111,0,	18.45264618148032
88130,0,	22.153938464803822
88157,0,	16.985682734778063
88214,0,	19.565093461896204
88271,0,	28.51808830898903
88296,0,	22.788028099555927
88330,0,	19.099093388745402
88430,0,	26.924227209062074
88453,0,	13.876623792211081
88466,0,	20.50958405783457
88468,0,	14.789489632686127
88496,0,	26.689699085563028
88578,0,	21.428429368880423
88675,0,	21.159884701689723
88681,0,	17.03843495292487
88737,0,	19.818623014098
88761,0,	28.827692007432532
88894,0,	20.92548945531448
88920,0,	20.544796495640384
88955,0,	26.97139858800947
88975,0,	24.58891175835626
88976,0,	24.60020631387887
89005,0,	19.829253184001647
89014,0,	17.868916976646716
89069,0,	22.690097659318642
89091,0,	19.13962091150303
89117,0,	23.027605553759194
89184,0,	34.38992840951194
89212,0,	23.15915390631673
89355,0,	20.486994946789345
89514,0,	23.18107863174299
89614,1,	38.985483735979116
89762,0,	15.868186123657953
89781,0,	17.331827642265324
89878,0,	20.64711188096291
89923,1,	38.94043839101246
89933,0,	24.60884332692558
90038,0,	26.776069216030095
90067,1,	44.032156897731994
90147,0,	21.746005694751656
90161,0,	19.797362674290724
90301,0,	26.935521764584696
90464,0,	18.14795893661725
90469,0,	24.680198342403763
90494,0,	21.973225576441948
90522,0,	21.32079889860607
90552,0,	18.915058572288643
90646,0,	21.813773027887358
90680,0,	21.363319578220626
90689,0,	30.310600708990247
90692,0,	22.05986146115661
90698,0,	19.00342185961265
90725,0,	20.61920768496586
90730,0,	19.48975213270416
90798,0,	24.105504781988248
90930,0,	29.910640566365814
91065,0,	16.858785081553364
91077,0,	19.05391516665494
91176,0,	21.010530814543593
91209,0,	20.120918470732754
91215,0,	19.688403432778415
91249,0,	24.00225925679915
91295,0,	16.401023390077885
91505,0,	23.403647814100445
91519,0,	21.684217832186746
91564,0,	21.405840257835184
91595,0,	18.320433443303806
91616,0,	24.299904014101056
91643,0,	14.7283661557402
91746,0,	26.518287595866845
91870,0,	26.979371215437194
91911,0,	31.52376884924312
91962,0,	23.216955455167778
91985,0,	18.408132345008834
92007,0,	19.0459425392272
92069,0,	27.17895265537804
92112,0,	22.05693816443311
92125,0,	16.482078435593138
92149,0,	21.702820629518122
92157,0,	25.006810312693087
92172,0,	29.005082967699522
92246,0,	16.55516085368066
92352,0,	23.501976885709112
92580,0,	24.12915691002385
92584,0,	30.90456145235611
92625,0,	23.556057875093877
92656,0,	19.95880837970225
92690,0,	21.68886853151959
92868,0,	24.337973310068474
92869,0,	20.029897640932845
93020,0,	23.744743390883478
93043,0,	27.036375501545475
93052,0,	16.389064448936292
93095,0,	18.349666410538816
93133,0,	18.07195322180623
93292,0,	18.353652724252683
93331,0,	28.401820825667976
93366,0,	20.031226412170795
93377,0,	26.269807374369265
93441,0,	28.215792852354284
93494,0,	25.950237891641102
93546,0,	15.923994515652058
93582,0,	35.504767478156126
93596,0,	25.676511016622385
93775,0,	16.507989474733257
93828,0,	23.342524337154522
93832,0,	21.763811229340252
93924,0,	32.95286231566366
93944,0,	20.754742351237265
93956,0,	27.089659228187465
93962,0,	23.121948311654
93977,0,	27.294954384451504
94021,0,	23.88645684341137
94028,0,	20.5414745675455
94069,0,	22.76849516235798
94106,0,	20.80789320075546
94127,0,	24.61309539488704
94139,0,	20.482344247456496
94145,0,	20.207554355447414
94170,0,	27.317543495496736
94181,0,	19.699697988301033
94306,0,	25.629871146170167
94394,0,	26.87572705887672
94404,0,	18.816065115060997
94416,0,	28.722719079634096
94420,0,	18.06889704795893
94465,0,	20.962695049977217
94648,0,	17.321197472361685
94797,0,	18.494502475475908
94798,1,	38.54300291374011
94820,0,	30.0793945135861
94827,0,	21.207188957760927
94841,0,	17.8752950785889
94880,0,	14.771949852345125
94910,0,	19.06520972217756
95008,0,	26.756669155955954
95032,0,	19.471149335372786
95196,0,	18.861243337151468
95215,0,	27.2597419466457
95242,1,	37.58695200803154
95281,0,	17.788924948121824
95284,0,	35.068266126487934
95415,0,	20.536159482593675
95436,0,	33.28306196829547
95480,0,	21.401853944121324
95531,0,	20.340830110614302
95578,0,	15.671527980440622
95586,0,	24.497226542937366
95587,0,	26.564794589195266
95645,0,	22.130684968139605
95684,0,	23.224263696976525
95694,0,	19.16486756502417
95761,0,	18.256652423881967
95923,0,	19.426635498901298
95925,0,	25.941600878594393
95931,0,	23.72853238178043
96109,0,	20.732817625811006
96201,0,	23.97767698889698
96202,0,	22.194333110437647
96295,0,	23.204597882654795
96310,0,	19.4295587956248
96368,0,	17.887918405349467
96405,1,	47.26306416281945
96425,0,	22.96116699186145
96434,0,	26.367006990425672
96499,0,	16.70863393166446
96500,0,	23.61824436903018
96605,0,	16.585722592153623
96722,0,	29.273760512014004
96734,0,	21.010530814543593
96872,0,	23.68601170216587
96886,1,	40.9560514818663
96898,0,	19.00740817332651
96911,0,	28.30774382202076
96925,0,	25.329568846392338
97036,0,	30.3652132068702
97077,0,	19.555526308982927
97186,0,	25.370229246273773
97220,0,	22.461814760637985
97244,1,	38.014151961034045
97253,0,	17.824602455860916
97280,0,	24.344417850572547
97307,0,	21.146065480814997
97315,0,	24.73175466643642
97379,1,	51.60415979721826
97382,0,	18.448659867766455
97469,0,	18.968873807425815
97598,0,	21.07882965617447
97605,0,	35.47952082463499
97687,0,	25.223665778727337
97796,0,	21.332757839747664
98005,1,	40.549447483052084
98010,0,	28.427731864808095
98110,0,	25.25329737733373
98172,1,	47.11756371226338
98286,0,	27.34438467450343
98366,0,	21.817759341601228
98372,0,	25.277215259616916
98375,0,	22.637611195419417
98381,0,	19.76414339334185
98409,0,	17.476663707202416
98636,0,	18.31312520149505
98662,0,	23.880012302907293
98728,0,	23.220742453195953
98806,0,	19.57612226317123
98819,0,	20.736139553905893
98857,0,	20.980234830318217
98912,0,	17.53845156976732
98947,0,	18.11646705827772
98970,0,	23.971697518326188
99091,0,	17.07803233581593
99097,0,	25.181809484731744
99121,0,	21.08228446139315
99203,0,	27.471680959099515
99244,0,	17.377670249974773
99254,1,	37.03617632989921
99367,0,	22.710693613506944
99392,0,	25.87781985917255
99422,0,	20.943029235655484
99606,0,	24.973591031744217
99627,1,	38.3636187966162
99643,0,	19.746869367248436
99654,0,	18.452646181480322
99692,0,	20.69096133181543
99734,0,	30.917184779116685
99796,0,	22.924625782817685
99840,0,	16.545195069395998
99855,0,	19.220011571399297
99856,0,	22.77713217540469
99901,0,	20.729097066344732
99934,0,	17.119888629811513
99975,0,	27.93940843485965
100020,0,	17.941069254867664
100025,0,	18.643324854126856
100175,0,	26.564395957823876
100212,0,	30.17373727148088
100290,0,	21.665615034855385
100363,0,	29.30272772500143
100385,0,	19.608012772882148
100539,0,	23.813042232514366
100583,0,	26.70856763714199
100617,0,	19.18745667606941
100691,0,	28.692157341161128
100842,0,	18.0639805943785
100884,0,	19.9869783299469
101053,0,	19.58502503046553
101106,0,	25.883134944124375
101133,0,	26.530246537008434
101157,0,	26.78005552974396
101194,0,	23.836162852054787
101327,0,	19.61997171402374
101416,0,	19.251902081110224
101725,0,	25.910640508750042
101726,0,	24.30874034283346
101752,1,	40.82317435807081
101886,0,	17.319868701123735
101927,0,	21.34670993774619
101941,0,	23.004352057094987
102009,0,	23.907916498904342
102154,1,	53.209846961163
102163,0,	18.55828349489774
102189,0,	18.70710587354869
102204,1,	36.37245509654071
